2818   2818
5185   3562
1921   5185
7937   3459
6812   1921
4328   5103
8056   7937
8315   5309
9109   6812
7074   4030
4516   4328
2430   2577
6295   8056
2329   9965
5668   8315
2230   7079
8315   9109
8744   7457
5683   7074
3515   9865
1072   4516
9225   5309
1599   2430
8990   4516
2510   6295
3707   2664
1587   2329
3349   9101
8742   5668
1126   5385
9260   2230
3488   8162
4975   8315
3821   3415
9386   8744
8820   9101
5577   5683
8355   9178
2229   3515
2248   6759
2726   1072
7457   8345
2753   9225
4072   2341
9988   1599
2573   9667
1246   8990
8840   3921
6332   2510
4516   7666
2491   3707
3225   5665
9100   1587
4893   6608
9808   3349
7456   3562
9964   8742
4274   3183
2337   1126
3870   9138
6498   9260
1443   8345
3767   3488
2742   9965
2180   4975
9697   4092
5668   3821
4126   2737
9908   9386
5307   2209
5449   8820
2264   6621
8260   5577
9313   6077
7718   8355
6782   7825
4597   2229
2035   5082
2889   2248
8773   7835
4780   2726
1806   7970
6588   7457
5334   9031
8430   2753
6254   1435
7906   4072
7013   6759
2815   9988
7163   6568
3652   2573
7892   5375
7594   1246
2846   1441
9582   8840
4976   4016
4054   6332
1896   1380
1793   4516
7305   6246
4317   2491
9025   9422
9976   3225
4138   7666
2422   9100
6657   4016
7336   4893
2633   4516
8408   9808
8932   3456
8461   7456
5842   4293
1225   9964
2563   5460
7176   4274
5290   2202
5657   2337
9987   5449
4393   3870
7824   6986
9762   6498
2147   8778
9763   1443
9097   7871
9441   3767
4924   9481
9275   2742
1296   6077
8431   2180
8343   7666
4895   9697
4025   3349
5460   5668
5143   3183
1152   4126
6819   7112
1493   9908
1315   3248
6212   5307
2093   8261
5843   5449
3719   5562
5915   2264
5295   6077
6423   8260
6376   2594
4030   9313
8656   9641
4568   7718
4313   7835
9997   6782
4469   7683
1994   4597
2910   8910
6043   2035
5088   8903
9659   2889
4096   2380
6451   8773
3108   7666
8761   4780
8266   9965
7353   1806
1412   2843
5136   6588
2608   9398
8291   5334
7240   1376
2283   8430
9347   9360
6371   6254
4150   9347
5605   7906
3725   4516
3346   7013
7047   5449
6629   2815
9107   7666
3088   7163
6082   3977
1233   3652
6274   5754
8544   7892
2233   3788
6762   7594
1260   3907
3249   2846
9663   6010
8241   9582
7696   9422
6077   4976
6883   7318
3563   4054
8523   9794
1527   1896
6358   7426
7700   1793
8857   6304
6149   7305
5746   1345
7852   4317
1182   6092
6242   9025
3626   2818
3856   9976
1635   3349
1720   4138
6429   5029
7607   2422
8732   6294
9396   6657
4986   7396
9172   7336
4472   5462
4406   2633
2252   9101
2807   8408
4562   6204
5467   8932
7964   5460
8961   8461
8649   1834
1624   5842
1283   8705
4384   1225
7585   8345
6927   2563
4325   9101
9601   7176
3548   6353
4538   5290
6680   4016
7919   5657
3308   4663
4061   9987
6765   6194
2243   4393
6273   6446
2987   7824
9935   1111
3641   9762
2974   2891
6487   2147
9302   9101
3278   9763
8748   6445
5665   9097
4996   5307
8265   9441
3037   7383
4012   4924
8840   9611
6917   9275
9964   1441
4488   1296
7632   1376
2905   8431
2850   2223
7345   8343
9635   7814
7758   4895
5138   8610
4049   4025
3602   1376
1343   5460
2725   6557
1376   5143
2822   5309
5643   1152
9859   2039
1119   6819
8160   9422
8690   1493
2548   9101
3111   1315
7512   3921
9678   6212
5981   9358
1702   2093
8170   7176
4393   5843
9164   2803
9661   3719
7327   3183
7587   5915
5300   1755
3952   5295
3593   4414
9519   6423
9687   1828
6813   6376
3125   5657
9876   4030
9835   9965
1323   8656
4337   7891
3665   4568
5803   5276
4268   4313
9941   6194
4397   9997
3336   7666
2379   4469
2689   8600
1221   1994
5382   2202
7187   2910
1939   7835
6372   6043
6378   9138
3416   5088
8183   7645
2098   9659
3663   4219
6023   4096
3774   7396
4696   6451
1977   6194
7578   3108
7172   3983
6054   8761
6859   7089
5161   8266
2679   5462
8665   7353
9887   6299
2007   1412
6040   5665
3720   5136
9207   3562
9485   2608
9193   3581
3980   8291
1417   2006
2184   7240
1908   2202
6017   2283
1448   2007
6194   9347
8846   8378
9340   6371
4226   5309
9273   4150
1770   4805
6852   5605
4454   2040
1278   3725
3459   9965
2016   3346
1531   6077
6742   7047
1395   2259
6301   6629
7350   5307
2230   9107
3518   6759
7053   3088
9595   3317
6546   6082
6727   2987
6272   1233
6669   7835
9959   6274
8930   6942
8238   8544
5532   7950
6631   2233
5155   1629
2177   6762
3856   1845
2591   1260
9241   9005
7614   3249
6868   2583
7806   9663
2780   7587
7931   8241
1422   3974
8301   7696
3630   6015
4638   6077
2316   6077
7369   6883
8356   3921
9390   3563
3360   6759
3025   8523
2495   1496
6461   1527
1764   8345
2290   6358
1895   3517
8949   7700
7030   1828
3797   8857
2266   8042
9657   6149
1305   8168
7326   5746
3192   4739
6160   7852
6223   8430
6873   1182
5058   5398
5573   6242
3338   2891
2011   3626
9879   5087
6286   3856
4550   1306
2996   1635
2022   4516
7542   1720
7542   9445
8230   6429
2648   3183
4843   7607
8143   5507
6889   8732
6751   4016
4044   9396
1366   9965
8323   4986
1692   6560
4273   9172
9395   1441
9825   4472
3941   1828
1418   4406
6716   3349
8873   2252
4231   5657
2940   2807
8084   5460
4325   4562
6176   5460
3225   5467
9315   2691
4214   7964
8374   2429
4003   8961
3466   3141
4675   8649
2619   1376
4524   1624
2675   6421
1396   1283
1314   2118
3936   4384
9281   3518
1221   7585
5867   5460
8727   6927
9775   7582
7708   4325
8709   1441
8339   9601
3652   4144
2734   3548
5027   3581
7443   4538
8618   8238
6394   6680
9926   3183
4681   7919
4464   9234
8202   3308
4698   7051
5203   4061
2593   2891
4874   6765
8012   8067
2179   2243
9155   6077
6396   6273
1128   5462
6737   2987
3581   2577
8076   9935
3245   6348
5347   3641
7669   6194
3396   2974
8316   9491
4897   6487
2840   5307
1898   9302
7659   5563
5427   3278
5783   1828
1679   8748
5274   6873
2354   5665
2881   1828
2159   4996
9058   8071
6287   8265
3578   5309
6759   3037
4334   2478
3407   4012
4153   4516
7776   8840
9521   7012
3763   6917
8529   4516
8284   9964
5663   6759
9564   4488
5968   4516
7787   7632
4789   4359
7144   2905
5293   9001
6869   2850
7029   6194
3478   7345
1400   8430
6586   9635
6468   5462
7098   7758
2003   1430
2119   5138
4251   5449
8090   4049
3828   9580
4437   3602
4587   2713
7235   1343
2620   6380
8109   2725
7552   3562
7052   1376
3800   3284
4210   2822
6585   3495
7753   5643
8419   7666
5948   9859
2075   6381
8179   1119
4994   6077
4496   8160
4908   7226
4694   8690
2246   7711
3206   2548
4771   8238
4068   3111
8179   4220
4810   7512
1328   7014
2432   9678
1477   5309
1072   5981
2699   8599
6716   1702
4284   5725
2467   8170
8612   4197
5690   4393
8143   3349
9462   9164
9185   3359
2367   9661
2662   8182
2277   7327
4483   8777
4754   7587
7952   3581
7818   5300
1628   8345
6423   3952
8413   3397
1537   3593
6950   1703
8039   9519
6868   2330
9556   9687
2712   8014
1191   6813
3246   9138
6405   3125
5940   1976
8531   9876
1502   6120
3108   9835
5704   8660
3135   1323
5344   3626
6537   4337
9434   1376
5199   3665
3893   2296
1322   5803
2341   8430
3349   4268
6692   7835
1934   9941
3080   4942
6383   4397
2632   2075
3620   3336
9946   4785
1075   2379
8367   6194
8313   2689
4350   8345
4979   1221
1843   3774
4895   5382
2755   4927
4205   7187
4734   6194
9513   1939
6717   7788
8071   6372
9875   8102
6962   6378
2559   7246
3701   3416
1494   2131
7086   8183
1446   5665
1136   2098
7843   9965
4500   3663
5790   4830
9965   6023
8068   6300
6481   3774
9758   8430
4209   4696
7666   3939
7460   1977
1810   1441
9583   7578
7658   6936
2327   7172
7312   7125
8144   6054
9727   6909
9910   6859
1984   3094
4170   5161
9782   8869
3498   2679
4724   5021
9471   8665
5226   6194
3921   9887
4935   5334
6491   2007
4345   1880
7150   6040
3065   4195
6326   3720
1756   4786
6304   9207
5148   4371
3518   9485
7396   5309
3999   9193
2625   6549
5269   3980
2152   7919
4751   1417
1314   5042
4377   2184
2278   7276
8436   1908
5426   1441
5530   6017
7892   3983
4042   1448
1242   3626
2487   6194
6435   6481
3481   8846
5466   1089
3100   9340
3806   4486
8582   4226
7286   5349
5163   9273
1544   7683
9004   1770
5385   3183
4853   6852
2038   9965
8727   4454
8302   9562
9825   1278
8929   5449
9814   3459
3157   1376
9287   2016
4496   2891
5168   1531
9389   6759
6553   6742
5500   4786
4967   1395
3181   9549
1356   6301
6084   6759
6384   7350
9871   6194
9960   2230
1417   7368
1124   3518
3702   7835
2524   7053
2544   6077
9282   9595
4306   5704
9828   6546
1000   6785
6937   6727
3045   5359
8148   6272
4713   1378
5737   6669
2404   7286
7831   9959
9605   3349
4292   8930
7683   1376
4365   8238
3682   5126
4100   5532
7965   5657
2660   6631
8542   5462
8117   5155
7922   9114
5410   2177
7191   6759
1977   3856
4539   7143
2683   2591
5343   8035
7192   9241
6755   8833
2384   7614
7539   8320
2026   6868
3827   6144
6278   7806
9276   3400
2567   2780
5579   1441
6355   7931
9751   5905
7471   1422
3460   2202
5743   8301
9120   1819
1165   3630
3183   3379
9444   4638
8409   7835
6329   2316
6033   9965
2578   7369
5528   1131
8308   8356
5384   7139
8361   9390
8909   7655
7189   3360
5778   3590
3455   3025
7721   5460
6781   2495
2651   8086
5196   6461
8135   1441
3797   1764
9341   5665
3813   2290
7323   8369
6062   1895
1393   7434
3580   8949
3621   8345
3419   7030
3073   7666
8009   3797
6091   6981
3022   2266
9443   5307
7830   9657
5100   8396
6401   1305
2056   8505
4396   7326
8643   6759
8038   3192
9445   4516
4180   6160
2146   5449
7115   6223
3504   5309
9610   6873
8306   7911
1828   5058
2644   9500
7087   5573
1053   3912
5799   3338
2596   3183
3757   2011
4612   9765
6502   9879
4840   7666
2611   6286
8485   5781
8436   4550
7960   9138
2441   2996
5528   5665
8586   2022
1515   9566
1060   7542
5629   7409
3556   7542
1514   3015
2756   8230
1048   1108
7326   2648
4477   6491
4129   4843
1441   4117
1706   8143
2577   6310
5890   6889
9352   5665
2571   6751
6162   3337
3648   4044
7019   6617
4016   1366
5400   6836
7559   8323
4967   1618
5157   1692
5785   8430
6010   4273
7860   8591
5488   9395
4724   2240
7145   9825
8142   3349
5906   3941
2463   5462
1442   1418
5462   8974
1704   6716
7062   6800
5699   8873
9789   2202
9464   4231
5913   5449
9735   2940
3273   8345
5532   8084
9691   3183
9529   4325
1377   3486
7005   6176
2202   3253
4121   3225
2898   7835
7048   9315
4827   2577
7937   4214
9422   5657
6080   8374
2114   2202
2364   4003
2891   4735
5053   3466
6217   1441
6312   4675
3356   2190
9982   2619
7471   4891
6796   4524
8361   6759
1587   2675
3430   5665
2406   1396
9014   8238
9598   1314
6265   8430
8315   3936
6872   2971
6317   9281
3539   3117
2937   1221
1357   1441
1616   5867
6890   9101
7176   8727
4878   6271
9596   9775
8786   9212
8717   7708
1120   6294
5029   8709
2150   4009
9657   8339
2521   3581
6174   3652
6279   6473
8490   2734
8293   3626
2422   5027
9138   1758
7621   7443
7387   9259
4177   8618
9569   1376
8877   6394
9345   5657
7473   9926
2375   2577
9066   4681
2401   6759
6677   4464
5458   9314
8828   8202
4780   2577
2566   4698
3158   3921
5815   5203
2265   3181
2231   2593
7019   5460
2702   4874
3240   3183
9101   8012
5309   7228
9265   2179
8430   8457
4508   9155
2184   7835
8302   6396
9388   1441
6917   1128
9846   9789
4620   6737
6328   6077
9660   3581
6264   3473
3809   8076
8749   5387
4501   3245
8805   9010
1814   5347
3668   1355
1593   7669
1739   9272
3363   3396
5566   3183
6356   8316
6955   2332
3616   4897
4071   4482
1166   2840
9443   1641
4385   1898
9893   6194
7393   7659
9928   2158
1240   5427
8028   8283
6870   5783
3688   6759
5355   1679
7629   8430
4974   5274
3562   9965
5907   2354
4041   8345
4854   2881
6868   9507
3161   2159
3117   8430
2700   9058
6272   9101
2418   6287
4280   4366
8555   3578
5240   8138
7835   6759
8345   9138
6294   4334
5582   7396
