0
474
456
306
237
185
213
583
482
527
517
381
279
416
485
473
618
662
941
933
939
969
876
766
801
939
964
921
857
845
927
895
824
820
817
820
856
962
786
846
932
885
976
973
914
947
985
1025
1021
960
991
1172
1134
1130
1030
1028
1215
1372
1373
1357
1383
1388
1514
1554
1614
1684
2108
2110
2169
2231
2405
2479
2523
2593
3027
3155
3242
3236
3128
3251
3424
3559
3552
3583
3761
3881
3926
3920
3984
4077
4543
4552
4569
4670
4800
4929
4983
5360
5364
5436
5529
5623
5668
5707
5750
5817
5853
5932
5955
6099
6268
6235
6214
6205
6250
6498
6452
6475
6458
6479
6634
6638
6632
6566
6528
6694
6914
6852
6543
6443
6459
6498
6472
6318
6340
6406
6369
6366
6420
6395
6422
6117
6330
6342
6267
6337
6372
6478
6551
6473
6504
6482
6449
6459
6476
6482
6549
6516
6291
6249
6215
6273
6436
6387
6593
6628
6671
6819
6928
6963
7159
7199
7311
7346
7377
7385
7371
7303
7316
7201
7191
7123
7069
7130
7153
7216
7202
7177
7152
7128
7142
7148
7117
6848
6854
6982
6950
6898
6862
6921
6933
6948
7010
7089
7032
7082
7094
7180
7173
7166
7400
7589
7595
7436
7470
7469
7476
7358
7632
7697
7599
7525
7580
7603
7854
7823
8152
8095
8170
8426
8413
8531
8554
8630
8715
8779
8867
8983
9060
9064
9094
9149
9232
9335
9550
9562
9589
9794
9742
9772
9910
10021
9963
10109
10150
10148
10162
10401
10381
10656
10894
10899
10947
10895
10849
10913
10945
10856
11179
11238
11253
11225
11249
11392
11424
11334
11377
11478
11487
11533
11606
11634
11740
11725
11639
11745
11807
11809
11865
11841
11988
11962
11804
11920
11980
12100
12033
12021
12040
12079
12117
12176
12197
12110
12175
12025
12010
12043
12009
12102
12067
11971
11985
11955
11817
12126
12146
12124
12148
12347
12317
12323
12346
12357
12362
12440
12507
12518
12796
12798
12935
13159
13445
13591
13647
13756
14029
14222
14259
14349
14394
14487
14533
14639
14594
14531
14560
14602
14675
14723
14632
14626
14850
14811
15016
15007
15024
15055
15176
15194
15259
15289
15294
15447
15469
15468
15384
15463
15479
15672
15790
15822
15758
15803
15821
15800
15925
15987
15920
15991
15909
15905
15917
15850
15923
15946
16099
15974
15972
15908
15896
15878
15897
15818
15885
16185
16311
16237
16261
16259
16272
16231
16064
16119
16074
16086
16103
16165
16249
16250
16256
16323
16285
16129
16217
15973
16131
16105
16253
16248
16223
16570
16588
16691
16587
16522
16479
16505
16446
16458
16564
16545
16634
16717
16694
16722
16931
17024
17048
17015
16959
16961
17133
16967
17124
17113
17121
17136
17246
17411
17513
17834
17840
17905
17921
17930
17954
18028
18110
18130
18436
18456
18608
18629
18814
18884
19110
19126
19158
19126
19145
19116
19156
19170
19201
19364
19425
19432
19448
19532
19618
19853
19867
19821
19759
19607
19646
19702
19710
19875
19944
19952
19978
20058
20334
20350
20358
20513
20613
20772
20785
20997
21093
21107
21129
21168
21184
21396
21508
21715
21689
21699
21695
21693
21958
22017
21977
21935
21922
22088
22318
22427
22506
22478
22491
22490
22414
22532
22345
22431
22449
22779
22831
22798
23055
23056
23040
23034
23111
23076
23174
23374
23277
23493
23726
23879
23881
23748
23670
23846
23853
24062
24187
24477
24543
24605
24712
24781
24796
24809
24836
24972
24986
25009
25027
25100
25682
25790
25803
25907
25856
26010
26111
26155
26063
26223
26337
26384
26392
26462
26463
26467
26440
26365
26310
26354
26358
26422
26319
26353
26364
26299
26291
26380
26282
26283
26305
26481
26369
26378
26464
26158
26133
26109
26118
26105
26202
26135
26122
26073
26252
26236
26279
26336
26454
26529
26556
26600
26594
26621
26452
26471
26807
26894
26942
27152
26935
26806
27168
27099
27363
27474
27563
27585
27706
27951
27953
27959
28054
28156
28207
28295
28336
28379
28405
28293
28421
28409
28440
28567
28389
28421
28723
28760
28842
28688
28658
28653
28601
28606
28573
28672
28731
28740
29009
29014
29111
29214
29341
29392
29363
29751
29835
29772
29766
29850
29813
29946
29943
29907
29842
29906
30020
30097
30035
30097
30231
30476
30449
30484
30544
30563
30589
30548
30609
30605
30606
30542
30913
30904
31329
31458
31418
31457
31459
31402
31367
31409
31488
31450
31443
31587
31731
31739
31755
32178
32252
32216
32223
32202
32028
31997
32381
32650
32614
32599
32672
32669
32851
32799
32737
32773
32824
32893
32933
32975
32984
33241
33221
33214
33194
33249
33369
33347
33417
33465
33433
33686
33730
33835
33935
34096
34212
34177
34163
34009
33987
33999
33984
33981
34278
34230
34355
34478
34449
34490
34537
34540
34662
34726
34687
34690
35089
35104
35202
35276
35227
35400
35516
35552
35602
35679
35741
35928
36009
36185
36260
36270
36196
36062
36090
36111
36193
36170
36113
35959
36051
36181
36175
36101
36220
36192
36027
36093
36118
36120
36070
36058
36043
35939
35839
35890
35804
35798
35761
35653
35685
35683
35633
35641
35704
35707
35746
35724
35621
35638
35803
35788
35727
35761
35771
35760
35740
35764
35700
35867
36076
35992
36300
36340
36352
36446
36365
36449
36678
36620
36852
36831
37013
36821
36886
36911
37149
37326
37384
37407
37331
37357
37204
37169
37194
37195
37185
37219
37327
37464
37550
37456
37554
37532
37584
37569
37722
37755
38059
38028
37939
37941
38065
38130
38347
38474
38528
38621
38900
38808
39015
39006
38978
38879
38826
38881
38984
38858
38900
38965
38945
39005
39124
39299
39404
39527
39579
39653
39673
39689
39742
39745
39797
39951
40056
40075
40305
40317
40362
40380
40431
40770
40792
40794
40806
40858
40865
41129
41251
41316
41341
41343
41347
41357
41528
41552
41620
41510
41783
41808
41778
41848
42094
42150
42144
42235
42082
42127
42123
42136
42161
42207
42226
42440
42581
42567
42489
42448
42351
42361
42298
42386
42425
42485
42784
42860
43021
43096
43139
43149
43169
43238
43309
43482
43542
43651
43652
43683
43753
43865
43993
44112
44158
44167
44172
44250
44315
44459
44484
44647
44667
44732
44797
44838
44969
44979
45019
44984
44973
44876
44820
44805
44753
44758
