10004   10004
10484   10010
10539   10083
10609   10303
10721   10484
10722   10537
10752   10539
11192   10609
11203   10721
11249   10722
11269   10752
11280   10899
11365   11086
11527   11111
11656   11171
11665   11192
11821   11203
11911   11249
12210   11269
12213   11280
12253   11314
12334   11365
12403   11527
12422   11656
12466   11665
12605   11666
12785   11821
12832   11911
12961   12104
13055   12210
13140   12213
13148   12253
13158   12334
13223   12403
13239   12422
13286   12466
13434   12578
13567   12605
13571   12785
13668   12822
13764   12832
13774   12889
13937   12961
13951   12978
13969   13055
14008   13061
14125   13140
14173   13148
14179   13158
14183   13223
14222   13231
14411   13239
14420   13286
14431   13301
14464   13434
14482   13454
14772   13557
14939   13567
14944   13571
15025   13668
15144   13761
15152   13764
15278   13764
15318   13764
15378   13764
15448   13764
15872   13764
15874   13764
15933   13764
15995   13764
16169   13764
16243   13764
16287   13764
16357   13764
16791   13764
16929   13774
17024   13782
17040   13804
17065   13937
17202   13951
17393   13969
17567   14008
17640   14088
17708   14125
17934   14173
18060   14179
18109   14183
18142   14222
18285   14301
18430   14353
18954   14411
18963   14411
18980   14411
19081   14411
19211   14411
19340   14411
19394   14411
19771   14411
19775   14411
19847   14411
19940   14411
20034   14411
20079   14411
20118   14411
20161   14411
20228   14411
20264   14411
20352   14420
20386   14431
20563   14464
20750   14482
20939   14704
20986   14772
21144   14939
21194   14944
21462   14964
21477   15025
21503   15028
21525   15067
21590   15111
21778   15144
21790   15152
21801   15169
21844   15278
21846   15318
22021   15327
22292   15378
22300   15448
22308   15765
22315   15872
22333   15874
22431   15933
22467   15995
22487   16169
22521   16181
22649   16243
22656   16287
22661   16295
22777   16357
22788   16393
22834   16412
22908   16791
23167   16837
23271   16929
23291   17024
23376   17039
23412   17040
23543   17065
23645   17094
23675   17202
23754   17250
23794   17312
23842   17393
24013   17554
24043   17567
24069   17587
24189   17640
24224   17708
24225   17934
24309   18060
24324   18109
24415   18142
24633   18197
24672   18285
24878   18285
24913   18285
24956   18285
25104   18285
25213   18285
25248   18285
25444   18285
25484   18285
25596   18285
25631   18285
25662   18285
25677   18292
25715   18344
25733   18430
25771   18455
25780   18579
25915   18724
25930   18807
25966   18897
26084   18954
26116   18963
26196   18980
26200   18998
26258   19081
26329   19177
26339   19211
26446   19304
26488   19340
26511   19394
26608   19760
26625   19771
26757   19775
26797   19847
26838   19940
26896   20034
26990   20069
27004   20071
27027   20079
27128   20118
27250   20161
27260   20228
27346   20264
27425   20331
27532   20352
27559   20386
27560   20394
27804   20404
28070   20481
28158   20563
28186   20750
28229   20759
28408   20939
28462   20986
28502   21144
28819   21187
28891   21194
28916   21317
28987   21462
29057   21477
29106   21503
29379   21525
29404   21581
29742   21590
29873   21778
29960   21790
30227   21801
30257   21844
30377   21846
30459   21905
30651   22021
30736   22021
30800   22021
30888   22021
31004   22021
31081   22021
31085   22021
31115   22021
31170   22021
31253   22021
31356   22021
31571   22021
31583   22021
31610   22021
31815   22021
31838   22096
31927   22155
32066   22156
32251   22230
32255   22292
32409   22300
32458   22308
32463   22315
32490   22328
32734   22333
32784   22403
33087   22431
33361   22467
33386   22487
33468   22521
33493   22598
33498   22649
33569   22656
33606   22661
33633   22777
33967   22788
34072   22834
34161   22908
34190   22965
34302   23053
34559   23167
34598   23174
34605   23271
34668   23291
34780   23302
34812   23325
34888   23355
34982   23376
35046   23412
35159   23419
35181   23456
35182   23543
35390   23645
35482   23675
35563   23754
35627   23762
35635   23794
35788   23800
35804   23842
35817   24013
35936   24016
36023   24043
36169   24069
36202   24169
36210   24189
36264   24224
36304   24225
36415   24298
36485   24309
36521   24324
36525   24415
36631   24456
36658   24633
36682   24672
36827   24784
36887   24878
37015   24913
37023   24956
37075   25104
37198   25213
37203   25248
37255   25438
37570   25444
37630   25484
37671   25547
37744   25596
37978   25631
37979   25662
38000   25677
38061   25715
38090   25733
38133   25771
38211   25771
38278   25771
38289   25771
38567   25771
38569   25771
38706   25771
38930   25771
39216   25771
39362   25771
39418   25771
39527   25771
39800   25771
39993   25771
40030   25771
40120   25771
40165   25771
40258   25771
40304   25771
40419   25780
40429   25835
40446   25915
40490   25930
40545   25943
40619   25944
40689   25966
40716   26084
40720   26094
40966   26116
41007   26196
41216   26200
41265   26258
41294   26270
41380   26325
41505   26329
41533   26339
41705   26446
41777   26488
41805   26511
42055   26608
42094   26625
42109   26641
42141   26757
42260   26797
42317   26838
42510   26838
42686   26896
42735   26913
42748   26990
42807   27004
42848   27027
42928   27128
43060   27135
43139   27152
43170   27250
43251   27260
43255   27346
43284   27379
43342   27425
43374   27524
43455   27532
43505   27559
43659   27560
43778   27804
43847   27875
43859   27951
43934   28038
43938   28060
43967   28070
43976   28158
44065   28180
44371   28186
44540   28229
44645   28408
44698   28437
44721   28462
44774   28502
44833   28602
44883   28819
44960   28841
44965   28891
45002   28916
45019   28916
45081   28916
45165   28916
45166   28916
45243   28987
45380   29057
45391   29106
45508   29379
45621   29404
45684   29711
45873   29742
45976   29871
46126   29873
46208   29960
46381   30158
46752   30182
46815   30227
46948   30257
46964   30377
46981   30459
47130   30651
47241   30736
47246   30800
47346   30888
47513   30949
47549   31004
47715   31081
47802   31085
47809   31115
47892   31170
48102   31171
48277   31253
48404   31356
48430   31415
48530   31571
48544   31583
48743   31610
48781   31814
48939   31815
48951   31838
48959   31838
48974   31838
49084   31838
49249   31838
49351   31838
49672   31838
49678   31838
49743   31838
49759   31838
49768   31838
49792   31838
49866   31838
49948   31838
49968   31838
50274   31838
50294   31838
50535   31927
50586   31957
50880   32066
51009   32125
51361   32251
51381   32255
51432   32274
51483   32357
51554   32409
51574   32458
51619   32463
51636   32466
51688   32487
51854   32490
51963   32538
51998   32566
52039   32591
52266   32734
52402   32784
52698   32845
52746   32879
52908   33087
52932   33173
52958   33351
53007   33361
53077   33375
53096   33386
53343   33468
53437   33493
53445   33493
53471   33493
53551   33493
53827   33493
53843   33493
53851   33493
54006   33493
54106   33493
54265   33493
54278   33493
54490   33493
54586   33493
54600   33493
54622   33493
54661   33493
54677   33493
54889   33493
55006   33498
55284   33569
55288   33599
55305   33606
55320   33625
55326   33633
55662   33704
55731   33714
55772   33795
55791   33856
55820   33898
56055   33967
56293   33975
56430   34003
56578   34072
56633   34155
56652   34161
56680   34190
56683   34269
56834   34302
56904   34559
56992   34561
57046   34597
57377   34598
57436   34605
57466   34668
57786   34731
57836   34780
57852   34812
57900   34866
57999   34888
58030   34954
58156   34982
58420   35046
58436   35159
58671   35178
58907   35181
59061   35182
59070   35189
59138   35390
59152   35482
59409   35563
59480   35627
59689   35627
59814   35627
60104   35627
60170   35627
60232   35627
60339   35627
60408   35627
60431   35635
60541   35732
60624   35788
60776   35804
60803   35817
60826   35817
60844   35817
60917   35817
61499   35817
61607   35817
61620   35817
61744   35837
61762   35906
61946   35936
62120   36009
62178   36023
62232   36169
62425   36202
62547   36210
62648   36264
62656   36264
62726   36264
62727   36264
62731   36264
62744   36304
62780   36415
62795   36485
62869   36515
62879   36521
62947   36525
62950   36631
63011   36658
63046   36682
63126   36827
63172   36881
63267   36887
63289   37007
63298   37015
63328   37023
63556   37075
63567   37198
63581   37203
63719   37255
63728   37570
63763   37630
63780   37671
63834   37716
63845   37740
63946   37744
63961   37826
64010   37888
64051   37978
64231   37979
64236   38000
64290   38011
64356   38020
64515   38061
64619   38090
64689   38133
64811   38211
64872   38278
64910   38289
64985   38533
65025   38554
65374   38567
65463   38569
65530   38588
65858   38706
65865   38930
65882   39076
66290   39122
66315   39216
66579   39216
66690   39216
66779   39216
66801   39216
66922   39216
67167   39216
67169   39216
67175   39216
67270   39216
67372   39216
67423   39216
67511   39216
67552   39216
67595   39216
67621   39216
67655   39362
67812   39391
67827   39418
67967   39527
68126   39559
68136   39747
68196   39775
68523   39800
68594   39834
68680   39838
68681   39993
68688   40030
68699   40046
68700   40099
68726   40120
68738   40165
68837   40165
68896   40165
68905   40165
69174   40165
69179   40165
69276   40165
69379   40165
69506   40165
69557   40165
69621   40258
70053   40302
70139   40304
70191   40419
70195   40429
70296   40446
70303   40490
70472   40526
70488   40545
70526   40619
70531   40689
70622   40716
70740   40720
70867   40770
70874   40839
70986   40889
71157   40926
71442   40966
71456   41007
71500   41016
71631   41087
71727   41164
71763   41174
71764   41216
71874   41265
71899   41294
71917   41311
71922   41380
72359   41446
72409   41505
72862   41533
73054   41596
73123   41705
73234   41777
73264   41805
73265   41863
73270   41903
73361   41952
73459   41971
73505   42055
73537   42094
73696   42109
73872   42141
73932   42193
73961   42206
74438   42260
74569   42317
74570   42354
74600   42377
74712   42510
74714   42686
74732   42735
75124   42743
75398   42748
75421   42807
75424   42825
75520   42848
75597   42928
75783   42932
75859   43060
75876   43139
75943   43170
76075   43251
76148   43255
76217   43284
76290   43315
76320   43336
76583   43342
76595   43374
76669   43455
76699   43505
76838   43589
76964   43595
77006   43659
77086   43669
77182   43717
77211   43778
77533   43847
77589   43859
77769   43934
77873   43938
78063   43967
78188   43976
78242   44065
78308   44145
78319   44310
78358   44371
78435   44436
78524   44540
78607   44626
78923   44645
78928   44698
79067   44712
79199   44721
79223   44774
79316   44826
79370   44833
79376   44836
79529   44867
79609   44883
79647   44960
79655   44965
80091   45002
80123   45019
80283   45081
80389   45113
80392   45165
80565   45165
80681   45165
80717   45165
80767   45165
80844   45165
80906   45165
81093   45165
81174   45165
81350   45165
81425   45165
81436   45166
81439   45243
81442   45380
81481   45391
81601   45490
81701   45508
81791   45621
81797   45684
81832   45873
82027   45976
82307   46126
82383   46208
82412   46311
82601   46381
82653   46461
82663   46636
82845   46752
82915   46797
82935   46815
83018   46948
83022   46964
83024   46981
83069   47130
83080   47241
83136   47246
83150   47346
83151   47353
83153   47392
83166   47513
83234   47549
83398   47715
83435   47802
83450   47809
83556   47852
83569   47862
83610   47864
83616   47892
83677   48056
83740   48102
84080   48277
84090   48302
84131   48404
84191   48430
84301   48530
84304   48544
84319   48579
84367   48603
84369   48669
84610   48743
84857   48781
84907   48915
85239   48939
85291   48951
85311   48959
85420   48974
85449   49084
85552   49103
85827   49149
85869   49249
86122   49270
86182   49351
86436   49423
86493   49672
86564   49678
86654   49743
86908   49759
87094   49768
87176   49792
87273   49866
87279   49948
87325   49968
87420   50216
87443   50274
87488   50294
87491   50296
87614   50429
87739   50520
87862   50535
88050   50586
88205   50655
88285   50829
88402   50848
88404   50872
88464   50880
88570   51001
88731   51009
88779   51024
89091   51032
89295   51267
89300   51361
89322   51381
89497   51432
89613   51483
89901   51554
90048   51574
90147   51619
90257   51636
90588   51688
90662   51854
90978   51963
91004   51998
91017   52039
91071   52192
91092   52266
91202   52321
91386   52402
91556   52698
91646   52746
91725   52760
91853   52908
91937   52932
92078   52954
92257   52958
92411   53007
92604   53077
92656   53077
92730   53077
92750   53077
92766   53077
92819   53077
92822   53077
92874   53077
93028   53077
93133   53077
93152   53077
93401   53096
93413   53096
93458   53096
93476   53096
93527   53096
93866   53096
93888   53096
93890   53096
93902   53096
93954   53096
93961   53096
94225   53096
94347   53096
94412   53096
94437   53096
94439   53096
94443   53096
94453   53096
94624   53096
94648   53096
94716   53096
94853   53343
95130   53347
95194   53386
95215   53437
95293   53445
95565   53471
95645   53495
95695   53551
95828   53593
95834   53752
95954   53827
95966   53843
95987   53851
96012   53851
96058   53851
96103   53877
96354   53914
96570   53989
96573   54006
96595   54106
96607   54159
96616   54265
96639   54278
96785   54487
96876   54490
96915   54490
96975   54490
97274   54490
97350   54490
97511   54490
97586   54490
97629   54490
97639   54490
97755   54586
97824   54586
97895   54586
98082   54600
98142   54600
98251   54600
98252   54600
98283   54600
98353   54600
98465   54600
98593   54600
98712   54600
98758   54600
98767   54600
98794   54622
98872   54622
98937   54622
99081   54622
99106   54622
99269   54622
99289   54622
99354   54622
99419   54622
99460   54622
99591   54622
99601   54622
99641   54622
99645   54661
99650   54677
99765   54889
99826   55006
99876   55071
99885   55132
99974   55216
